20
97 39
34 37 656 97
98 59
6 30 524 98
1000000000 100000
999999999 1 999999999 1000000000
220 88
1 8 3 58265
1000000000 100000
1 1 0 2
249718282 93729
1 5 6 999917908
28 21
6 5 1 85919
22 21
1 4 869 22
1000000000 1
12 7 74 12
254 99
1 8 9 74990
693840425 90561
2 6 7 999957328
1000000000 100000
1 1 1 1000000000
131 74
1 9 10 78736
186 75
68 16 539 186
198 81
8 5 7 83495
218492221 46085
3 7 1 999969453
497151700 96511
9 7 6 999919625
840698758 13331
8 7 10 999955808
45068754 29153
2 9 5 999904402
977365070 59489
8 5 9 999966210
